8111111196411.81111188811111111111191111111111119
1111111111161111111 8101161839 12κἌ 691
81111 1111 1111111111 1111111 1116111111111111111111811111
(1111111111 6111111111

61111118 819111111161111111111118111911111111111111
11111ίὶ11111 111111Μ1111111111.1111111911111911111111
1111111111 mter 111 6111111 91 8. [1111111114ἵὸ

6,,1836 281911. 20 691

ι ·- - 1111111 31111111 31141. 1111 8119111119111111 111
,1111111918 4111111111 4386 1838 211111.

223 691.

18111 911111,111111111111111111111111 61111111111 311 ἴ
’ 911116111111111111111 1111 6111111111 111 1111116111
121ἐ1ἓ1ἑ1ϊ111111.91..8 ΧΧ11111113106. 1843.1

 

